32.29283
25.69850
20.82252
28.39817
21.31860
29.73370
32.32291
25.61270
33.62775
20.85971
16.17677
31.01714
32.98526
18.07279
32.22884
36.02857
27.31090
20.60449
25.41780
24.11521
26.44018
22.04141
28.76619
19.46991
24.92140
28.64533
22.07539
22.36195
30.49439
30.25978
23.04464
26.61677
32.68853
28.36828
27.59520
25.72147
25.33500
21.94231
23.36361
21.79338
28.54131
17.38455
24.66492
28.66626
26.92762
27.24535
28.13710
24.72880
30.16476
22.28399
28.37455
20.32333
32.77546
32.70369
25.40726
25.51144
29.50744
22.27117
25.98886
21.71084
32.18369
22.94256
25.63161
23.63763
28.78518
23.06423
26.06157
27.45994
23.47875
28.81593
21.12249
25.25548
24.72166
23.33080
33.65479
28.99899
31.37708
30.19787
30.97979
15.89815
27.55957
25.45593
27.90858
28.57047
22.25809
26.58794
26.36390
28.29111
27.06725
20.66165
22.70717
27.39785
21.26024
19.42722
27.21786
25.74106
22.55019
31.65113
19.52430
29.85866
30.67943
19.37095
26.31933
21.55687
25.37363
35.89267
41.10530
25.95577
27.54839
32.30986
30.68761
30.65718
30.71554
25.33586
34.06590
25.10642
19.78471
28.81511
18.39361
34.28239
19.97895
26.57184
20.07993
38.71971
30.25724
31.51816
25.06952
26.61235
24.61200
27.70672
37.99654
23.63249
27.06689
30.43753
23.37081
27.55582
31.19375
30.88638
27.96192
26.75341
33.12314
17.56220
32.04667
26.77426
24.60020
21.14604
26.06658
15.28252
28.11690
25.43958
30.39661
26.38306
18.65638
30.19001
19.89774
35.30952
27.41346
27.45207
27.69471
27.73277
26.71775
22.30620
34.73681
21.63674
24.05075
24.06865
29.82569
27.85929
34.52159
17.63808
32.37534
17.87137
16.17838
22.15046
25.28195
31.98273
18.97317
24.85776
28.92260
22.08161
26.70964
24.92290
36.30232
23.40941
22.27833
21.07247
28.16006
28.45904
28.35136
24.77027
22.41347
28.55720
39.17084
24.00341
26.26088
22.90971
27.28316
24.12856
20.30435
25.49119
24.21456
32.40992
21.15081
29.87677
30.77305
32.23692
26.81738
20.44017
19.98542
26.10773
21.39238
21.25983
18.97551
26.87579
22.57022
32.91940
32.06493
22.21086
23.43477
22.77547
18.30474
32.95178
25.32271
31.92858
20.51045
30.31763
21.76197
22.03362
19.73184
25.43989
19.96782
12.06091
24.48675
27.52718
20.38186
33.37279
24.69188
15.90623
18.36695
17.83290
16.20237
18.32510
19.26328
7.93303
14.56652
19.75004
18.88148
20.74450
21.98529
30.91335
15.70745
30.17000
25.13943
22.76843
26.41237
27.65086
29.21659
23.86023
26.88622
26.56261
28.90115
29.65151
22.60204
26.29320
17.85800
26.44424
24.42831
25.90710
25.83787
26.65972
32.12475
24.62418
15.16037
18.12807
21.05995
32.15867
23.43229
18.64503
20.10605
20.00027
23.37227
18.68817
34.95146
22.74850
23.20547
24.34711
14.24326
24.39496
29.51733
20.12027
33.05672
28.98090
28.37154
17.53826
18.74733
21.53249
22.63107
17.86054
17.94355
25.12353
